305
987
668
750
423
345
357
176
128
643
929
967
815
828
652
653
52
601
535
504
82
934
444
275
544
861
2
919
507
679
982
102
115
610
629
298
974
767
572
507
235
387
824
160
536
512
194
532
429
919
978
392
109
991
72
276
938
401
786
887
504
178
411
856
15
895
496
728
116
775
566
987
870
87
880
504
101
784
303
366
639
323
13
559
146
854
935
546
683
138
782
198
631
507
463
151
140
375
856
602
758
504
728
55
598
818
862
107
80
327
368
31
639
419
179
678
377
43
361
378
713
922
110
648
783
551
245
754
843
334
258
529
814
581
614
687
899
62
723
839
25
155
119
263
251
478
994
173
762
387
589
176
483
567
31
306
442
85
23
793
8
571
112
860
681
416
593
549
559
605
838
953
413
469
937
90
59
888
916
665
69
653
146
520
818
656
69
993
26
220
437
942
560
132
617
827
575
301
656
301
223
130
606
256
838
295
801
680
309
630
977
983
897
401
601
237
246
567
600
794
687
724
222
358
745
655
798
697
95
74
673
600
302
556
447
584
307
743
240
828
945
227
934
817
589
625
248
333
79
588
411
312
590
958
348
569
453
805
390
639
828
692
545
982
645
584
932
517
846
394
994
83
908
560
340
335
660
496
183
651
587
477
741
62
446
751
262
729
848
292
411
959
660
716
897
774
691
22
644
836
382
517
254
987
110
936
724
240
829
29
945
473
36
485
859
104
653
658
401
28
475
915
435
678
820
413
39
828
996
13
874
867
557
235
420
3
135
505
515
59
167
592
800
651
6
908
747
796
614
453
113
620
889
489
964
596
452
158
552
339
923
360
789
14
379
417
199
345
125
620
351
319
113
580
801
30
777
648
658
656
587
179
241
416
501
321
192
783
116
743
182
780
239
864
739
227
861
958
334
858
856
288
129
272
426
49
966
948
12
244
847
306
794
80
186
60
737
232
982
356
554
628
865
831
411
6
980
700
815
418
313
53
224
9
570
887
870
132
173
196
540
509
567
465
116
640
873
884
93
565
151
646
777
515
554
356
144
466
880
960
576
50
372
815
37
949
624
355
359
565
899
997
935
308
77
838
795
822
619
374
916
487
129
857
894
597
898
98
579
657
602
210
598
728
924
129
187
487
712
656
63
659
240
433
434
233
463
658
873
675
776
197
478
440
929
287
65
285
593
95
658
114
66
102
141
673
66
970
154
499
466
162
94
275
725
576
342
777
245
687
936
616
684
556
254
367
280
766
165
913
294
156
8
85
24
991
420
338
464
766
605
789
688
160
443
160
34
169
711
196
616
947
628
424
170
210
751
687
994
415
929
80
858
355
437
601
829
711
353
953
724
116
317
521
77
796
575
74
916
280
739
490
164
661
326
668
496
77
991
155
255
938
756
525
768
928
647
936
875
915
625
618
106
165
221
776
345
47
882
897
785
448
200
277
279
297
694
713
871
667
308
754
271
678
439
37
439
388
418
601
809
194
520
134
63
671
335
832
714
654
774
540
20
472
182
26
104
595
757
273
166
350
753
352
368
597
400
992
36
836
35
245
101
949
90
98
799
178
735
750
143
480
563
842
527
549
321
194
557
963
207
278
569
805
780
81
963
329
744
598
187
123
366
755
616
648
144
837
672
512
655
624
596
529
690
491
246
267
278
606
467
15
863
821
805
216
502
296
830
439
937
325
252
798
60
10
499
454
346
266
86
870
204
262
13
892
245
835
126
382
666
611
315
45
295
973
522
933
53
299
699
745
425
656
561
799
391
272
186
876
479
162
117
187
85
746
458
999
940
564
158
764
103
728
107
93
322
579
615
979
103
771
678
394
463
102
928
949
59
949
386
436
334
738
297
993
539
231
351
530
519
767
151
892
75
609
232
711
68
995
49
562
421
755
838
783
235
468
112
689
78
158
781
924
43
221
252
116
790
685
856
935
392
530
766
290
296
849
266
771
22
54
522
178
273
707
513
257
488
121
57
561
216
671
360
10
407
321
752
404
989
331
490
267
786
940
528
356
758
741
350
321
667
239
347
955
810
985
736
5
763
779
671
477
470
197
114
14
814
948
700
982
603
32
347
101
707
384
511
828
226
629
706
814
205
922
163
539
938
123
510
886
420
165
721
368
486
57
245
662
831
529
277
301
207
621
764
536
190
200
996
42
96
135
41
67
402
203
718
689
667
52
699
596
991
115
181
450
909
111
561
288
381
407
976
47
426
484
400
428
262
897
981
964
772
24
764
556
179
386
253
526
186
200
407
712
624
873
271
838
483
18
833
329
974
198
680
13
856
631
568
257
488
903
626
265
395
907
316
294
886
533
678
823
454
538
619
567
873
111
18
538
740
646
664
130
463
960
378
746
295
624
539
570
877
598
205
453
661
958
89
654
517
704
399
562
753
589
393
587
866
494
920
302
230
336
41
683
495
695
394
653
928
80
127
390
960
715
100
863
609
488
140
181
611
306
113
213
833
21
441
597
479
418
866
731
901
678
171
830
791
992
124
237
50
133
764
902
794
475
902
546
922
541
816
6
951
819
418
82
909
720
973
274
221
338
977
776
404
714
303
407
445
89
25
28
29
740
221
959
885
566
49
399
690
813
710
296
627
91
229
6
124
270
449
655
181
433
96
537
794
782
732
123
12
483
5
305
96
498
145
531
165
149
300
382
26
438
145
95
438
985
511
804
21
950
799
277
182
918
91
301
429
56
340
412
767
929
38
480
412
368
919
438
961
336
797
460
210
650
70
572
682
679
607
620
456
814
911
873
414
311
129
644
330
972
50
666
686
861
721
292
466
364
99
581
845
777
915
734
728
189
760
255
2
252
427
284
801
50
515
191
466
702
638
399
566
933
571
284
690
595
409
940
359
252
854
534
605
997
697
454
216
587
614
943
954
140
900
433
718
225
229
969
250
877
92
661
510
848
209
407
744
686
63
766
926
950
19
182
762
400
12
340
84
650
962
224
761
385
766
159
179
258
305
635
521
65
722
923
560
277
958
586
844
542
569
55
539
350
471
83
78
113
114
551
908
50
352
257
857
652
263
249
301
759
520
417
67
565
866
512
874
108
942
486
799
697
176
669
476
846
913
686
785
606
152
884
694
217
76
467
804
314
278
530
888
101
231
190
910
356
627
293
171
461
770
648
169
420
359
856
829
367
71
913
839
731
454
81
856
863
807
626
338
413
68
128
152
708
487
685
62
165
515
108
701
77
250
45
387
276
437
121
590
475
152
969
775
332
677
524
498
26
845
152
118
414
46
427
412
287
281
380
0
278
839
378
893
159
715
188
316
691
453
301
489
878
885
544
159
948
208
739
150
47
179
363
466
642
460
663
540
926
978
760
559
370
249
14
132
922
13
829
245
786
84
597
304
298
82
698
813
942
668
887
385
33
646
69
906
386
168
531
277
554
370
214
712
517
254
386
931
194
555
574
556
54
587
30
668
149
151
222
575
330
530
865
380
625
748
128
206
206
134
347
415
222
138
626
51
326
365
183
863
462
601
798
472
583
793
107
55
482
114
772
521
247
271
188
149
552
916
964
611
815
727
82
818
625
899
10
649
296
851
921
803
646
290
343
984
738
432
545
996
931
687
919
885
502
382
846
300
324
833
137
972
97
420
756
255
298
414
96
308
350
952
949
569
94
379
678
807
537
666
472
881
222
16
361
321
693
831
614
772
191
402
829
372
477
872
983
208
447
766
138
149
804
496
245
883
359
347
892
780
182
412
573
154
780
672
109
789
468
161
288
603
612
468
639
352
568
983
112
445
575
306
938
760
760
34
37
769
897
899
303
673
85
418
349
209
631
98
799
752
514
29
125
949
841
610
861
352
852
489
622
142
31
425
632
739
641
415
579
203
22
209
637
145
243
651
448
913
177
189
76
208
254
176
114
272
710
166
666
360
87
774
363
373
814
505
459
235
137
725
613
454
453
455
977
804
491
22
490
403
762
885
215
326
961
122
940
827
843
571
992
272
475
793
560
219
753
954
615
483
261
831
814
22
469
156
11
553
912
43
617
30
775
86
888
364
13
252
633
825
429
289
993
912
419
859
960
981
820
778
685
141
667
631
312
273
73
37
516
410
596
39
547
716
687
660
451
963
201
139
927
186
286
386
636
829
80
204
250
922
318
355
528
83
2
243
954
513
552
571
955
177
332
108
545
447
918
558
744
139
565
31
931
463
563
253
293
948
411
374
586
595
511
123
506
621
524
254
948
780
224
609
876
732
733
389
132
8
462
184
19
445
6
157
168
889
536
37
685
818
707
323
384
698
462
543
618
590
765
707
694
462
981
951
499
867
436
244
150
934
580
981
529
891
162
496
933
247
846
583
461
278
898
694
592
184
811
415
545
527
863
392
722
918
561
199
312
182
922
623
874
814
917
10
385
51
226
311
943
87
474
506
757
956
937
334
719
460
81
49
166
364
619
26
256
585
891
328
409
910
880
522
317
469
407
70
210
590
891
526
110
796
631
841
13
951
423
125
892
550
145
368
452
784
836
547
700
576
42
710
336
87
719
944
956
